1850                  -0.37                                       2.24E-7
1860                  -0.34                                       3.94E-7
1870                  -0.28                                       6.6E-7
1880                  -0.24                                       1.1
1890                  -0.42                                       1.72
1900                  -0.2                                        2.38
1910                  -0.49                                       3.34
1920                  -0.25                                       4.01
1930                  -0.14                                       4.53
1940                   0.01                                       5.5
1950                  -0.17                                       6.63
1960                  -0.05                                       10.5
1970                  -0.03                                       16
1980                   0.09                                       20.3
1990                   0.3                                        22.6
2000                   0.29                                       24.9
2010                   0.56                                       32.7
2019                   0.74                                       33.3